              precision    recall  f1-score   support

    airplane     0.6849    0.5820    0.6293      5000
  automobile     0.6785    0.7202    0.6987      5000
        bird     0.5661    0.3564    0.4374      5000
         cat     0.4488    0.3564    0.3973      5000
        deer     0.5806    0.4004    0.4740      5000
         dog     0.5428    0.4746    0.5064      5000
        frog     0.4798    0.8386    0.6104      5000
       horse     0.6204    0.6884    0.6526      5000
        ship     0.6694    0.7076    0.6880      5000
       truck     0.5894    0.6994    0.6397      5000

    accuracy                         0.5824     50000
   macro avg     0.5861    0.5824    0.5734     50000
weighted avg     0.5861    0.5824    0.5734     50000
