              precision    recall  f1-score   support

    airplane     0.7593    0.6480    0.6993      5000
  automobile     0.8428    0.6778    0.7514      5000
        bird     0.6333    0.4978    0.5574      5000
         cat     0.5372    0.4060    0.4625      5000
        deer     0.5745    0.6550    0.6121      5000
         dog     0.5841    0.5932    0.5886      5000
        frog     0.6251    0.8218    0.7101      5000
       horse     0.7247    0.7222    0.7234      5000
        ship     0.6894    0.8570    0.7641      5000
       truck     0.7069    0.7708    0.7375      5000

    accuracy                         0.6650     50000
   macro avg     0.6677    0.6650    0.6606     50000
weighted avg     0.6677    0.6650    0.6606     50000
