              precision    recall  f1-score   support

    airplane     0.7624    0.8040    0.7826      5000
  automobile     0.8883    0.8700    0.8791      5000
        bird     0.6614    0.6892    0.6750      5000
         cat     0.5572    0.6008    0.5782      5000
        deer     0.7531    0.7004    0.7258      5000
         dog     0.6740    0.6214    0.6466      5000
        frog     0.7924    0.8412    0.8161      5000
       horse     0.8885    0.7348    0.8044      5000
        ship     0.7843    0.9004    0.8384      5000
       truck     0.8615    0.8246    0.8426      5000

    accuracy                         0.7587     50000
   macro avg     0.7623    0.7587    0.7589     50000
weighted avg     0.7623    0.7587    0.7589     50000
